512
7.768	4.515	7.908	1
3.835	3.432	0.055	1
0.774	4.700	3.123	1
2.195	4.085	1.936	1
1.133	7.497	4.949	1
1.059	1.459	2.349	1
4.184	2.246	3.646	1
6.531	5.666	3.784	1
0.508	0.560	6.456	1
2.874	3.765	0.751	1
5.429	6.261	4.198	1
2.381	5.046	5.584	1
6.398	2.002	0.472	1
6.399	1.505	4.783	1
7.785	7.444	2.778	1
3.793	5.287	6.403	1
6.928	4.777	5.692	1
4.531	6.170	4.571	1
7.844	2.950	6.623	1
3.022	7.144	7.769	1
4.702	5.754	5.722	1
1.246	5.177	4.500	1
2.285	6.632	5.855	1
1.526	7.044	5.426	1
3.104	5.837	2.575	1
6.993	3.459	3.308	1
6.977	7.529	6.026	1
4.807	3.202	5.554	1
5.524	7.428	1.687	1
3.591	3.464	5.408	1
5.326	3.023	5.926	1
3.080	4.157	1.938	1
7.558	2.695	6.162	1
3.503	3.947	5.909	1
4.556	3.508	3.259	1
6.712	1.700	4.583	1
1.671	3.802	6.481	1
7.595	6.285	3.678	1
1.476	6.947	6.457	1
7.377	6.033	4.028	1
0.361	6.212	6.912	1
0.717	0.628	5.224	1
0.769	1.779	7.821	1
3.297	3.484	6.384	1
6.743	6.537	2.811	1
2.231	0.536	0.781	1
7.931	3.238	5.268	1
0.669	2.613	2.975	1
0.803	6.626	6.533	1
6.083	0.744	2.049	1
7.719	1.354	6.878	1
3.612	2.849	2.305	1
0.826	5.706	6.982	1
2.776	4.756	7.196	1
2.138	5.532	6.089	1
6.585	1.333	1.074	1
2.113	7.407	3.459	1
1.513	0.608	5.080	1
6.850	0.283	0.481	1
1.190	4.043	0.226	1
5.626	7.242	1.556	1
5.790	1.977	4.788	1
7.157	4.015	2.191	1
2.690	5.622	6.566	1
6.951	2.318	0.596	1
6.850	3.848	4.851	1
2.245	4.137	4.784	1
3.390	3.040	5.706	1
4.573	6.266	3.364	1
3.613	2.565	1.830	1
1.610	5.729	1.724	1
3.668	0.785	4.183	1
4.433	2.991	0.582	1
0.728	4.154	5.998	1
1.190	4.739	3.612	1
7.932	2.176	0.870	1
0.788	7.417	6.323	1
0.005	7.476	7.324	1
3.974	1.725	6.108	1
0.646	7.332	0.966	1
3.883	2.022	6.806	1
4.619	3.299	4.603	1
6.636	3.435	4.758	1
0.469	2.762	6.477	1
4.247	3.557	0.294	1
3.566	0.931	7.634	1
7.997	5.135	4.332	1
6.913	7.310	7.281	1
5.710	7.520	5.878	1
2.805	3.942	5.271	1
0.392	2.875	1.020	1
5.125	2.153	6.109	1
5.137	1.213	4.037	1
1.312	7.264	3.561	1
4.473	2.669	0.844	1
0.278	5.769	0.289	1
5.947	7.391	7.396	1
6.243	4.132	2.837	1
0.137	7.759	7.594	1
6.166	6.935	4.444	1
2.972	7.064	0.522	1
7.905	7.504	2.700	1
5.749	2.820	3.954	1
0.937	2.689	3.080	1
7.702	7.557	0.710	1
3.005	4.467	7.244	1
1.992	5.130	0.183	1
1.726	7.295	5.182	1
6.499	6.556	3.367	1
0.653	4.478	5.558	1
4.251	6.712	6.432	1
0.513	2.147	4.630	1
5.213	5.572	7.227	1
2.313	5.633	7.973	1
1.055	3.815	1.305	1
7.551	6.342	7.683	1
3.168	3.723	3.120	1
5.951	3.379	2.132	1
3.799	4.243	7.804	1
0.358	1.218	3.007	1
5.650	2.353	6.701	1
1.881	1.850	6.165	1
2.151	6.358	1.123	1
6.930	1.003	7.941	1
2.374	2.533	6.620	1
1.937	7.963	2.280	1
3.263	3.804	0.997	1
7.585	3.087	1.900	1
0.404	1.713	3.759	1
3.444	4.779	0.067	1
0.514	3.321	6.327	1
2.214	0.603	7.321	1
4.678	4.866	2.164	1
5.574	1.082	4.823	1
0.851	6.702	5.873	1
2.920	0.868	6.384	1
6.690	3.641	6.277	1
1.982	3.935	2.925	1
3.803	4.136	2.279	1
3.173	7.072	4.028	1
7.394	7.728	7.906	1
4.461	5.276	5.989	1
4.823	6.671	7.735	1
3.626	3.969	4.987	1
3.085	0.770	5.103	1
5.090	0.717	5.751	1
3.278	5.833	6.924	1
5.857	5.762	2.268	1
1.897	2.425	7.973	1
4.689	3.290	3.644	1
5.905	0.334	1.999	1
2.372	0.282	4.509	1
3.904	6.332	2.835	1
1.321	1.377	4.709	1
4.439	1.393	2.458	1
5.263	3.466	4.038	1
4.504	3.512	1.913	1
1.533	7.710	4.576	1
5.475	6.067	0.159	1
5.305	2.882	4.658	1
2.728	4.784	2.983	1
7.977	2.398	4.771	1
2.519	1.596	0.359	1
2.217	7.838	4.183	1
4.700	0.946	2.525	1
1.440	1.089	6.607	1
1.359	4.243	3.348	1
3.167	0.783	4.836	1
6.596	7.310	5.556	1
1.760	6.355	4.490	1
0.979	6.720	6.371	1
5.308	1.473	2.782	1
6.823	7.191	3.188	1
2.243	0.327	5.284	1
3.543	5.272	2.475	1
3.039	7.751	5.173	1
6.331	5.926	5.666	1
1.818	3.788	3.301	1
3.184	5.216	0.781	1
7.837	1.646	4.303	1
0.429	2.317	1.267	1
1.945	3.473	6.937	1
4.178	4.378	6.675	1
4.821	3.963	2.196	1
6.119	6.729	7.722	1
7.494	0.519	7.975	1
6.621	6.552	2.867	1
3.542	7.814	7.224	1
3.216	7.266	5.133	1
6.754	6.814	4.264	1
0.021	7.731	6.713	1
5.163	6.624	5.585	1
0.578	3.691	2.836	1
1.902	1.448	7.079	1
3.087	1.995	7.727	1
3.580	6.708	7.845	1
1.624	2.069	7.704	1
7.026	4.588	7.014	1
2.533	1.194	7.649	1
2.086	3.711	7.075	1
4.624	1.426	5.909	1
6.032	7.420	7.595	1
4.636	0.257	6.599	1
2.013	1.601	3.784	1
1.531	3.439	4.148	1
2.654	2.941	3.701	1
6.364	6.671	4.651	1
7.194	1.097	7.490	1
5.863	3.669	7.796	1
1.385	5.165	0.866	1
2.690	5.175	4.524	1
1.195	1.476	0.324	1
2.387	0.996	0.106	1
7.776	0.381	6.571	1
5.245	0.532	7.536	1
7.554	2.160	0.157	1
3.754	5.452	2.859	1
1.631	6.581	2.794	1
0.263	7.009	3.746	1
0.618	7.318	2.198	1
0.474	6.076	5.192	1
2.020	2.046	4.885	1
1.469	4.769	4.988	1
5.357	0.219	6.704	1
4.937	6.599	5.409	1
7.706	4.993	2.275	1
6.121	5.005	2.672	1
5.453	7.302	7.864	1
2.178	2.132	2.047	1
0.739	3.343	0.841	1
4.540	2.308	6.618	1
3.052	0.815	1.087	1
3.435	3.602	1.779	1
1.086	7.737	7.525	1
5.605	2.683	1.062	1
0.490	6.348	0.970	1
6.957	3.994	5.064	1
2.302	0.265	7.812	1
5.448	2.160	3.146	1
6.643	6.820	5.828	1
2.714	2.697	2.725	1
4.111	5.317	7.512	1
3.348	0.518	2.494	1
1.112	6.687	4.770	1
7.005	4.295	1.677	1
5.364	0.855	3.923	1
6.131	3.524	4.352	1
5.104	0.577	5.590	1
7.449	1.484	4.262	1
0.484	3.427	5.869	1
0.313	2.198	6.993	1
4.586	4.676	0.428	1
7.293	6.825	3.205	1
2.768	5.917	6.438	1
0.801	1.518	6.802	1
0.405	1.669	3.107	1
2.426	5.305	1.565	-1
2.802	7.804	0.285	-1
7.651	7.140	6.897	-1
0.246	7.979	5.332	-1
4.979	5.190	3.473	-1
1.162	2.946	4.908	-1
4.503	7.017	1.934	-1
7.196	6.993	4.115	-1
1.885	3.883	1.468	-1
7.251	7.279	1.295	-1
7.320	1.769	4.115	-1
5.793	1.557	2.046	-1
7.874	1.181	3.034	-1
0.864	5.940	1.317	-1
1.060	2.348	0.657	-1
5.557	7.725	0.679	-1
5.814	1.822	4.116	-1
5.195	5.942	0.682	-1
3.699	6.548	2.609	-1
6.048	1.670	5.958	-1
0.596	4.616	7.718	-1
4.006	4.286	1.971	-1
0.503	1.341	5.557	-1
5.710	5.055	6.627	-1
1.616	6.686	7.382	-1
6.850	4.332	5.453	-1
0.345	7.580	3.211	-1
1.741	5.521	2.971	-1
1.054	0.296	2.719	-1
1.511	5.507	5.212	-1
7.783	3.185	3.562	-1
6.644	1.716	0.449	-1
4.465	3.987	1.133	-1
5.791	3.544	3.368	-1
3.159	2.611	0.734	-1
2.190	6.987	2.539	-1
6.238	3.665	1.804	-1
0.825	5.936	5.343	-1
0.217	7.571	0.571	-1
6.232	3.280	3.174	-1
1.876	5.039	7.574	-1
3.571	5.309	4.979	-1
0.757	0.914	5.386	-1
7.212	6.390	6.069	-1
3.246	2.513	4.629	-1
2.672	0.445	7.929	-1
3.517	6.041	6.319	-1
1.804	4.057	6.015	-1
4.652	5.648	6.452	-1
4.740	6.221	3.736	-1
4.356	1.643	3.657	-1
2.487	6.517	1.047	-1
3.004	3.633	5.671	-1
5.483	7.929	5.571	-1
4.062	6.211	1.214	-1
0.534	6.680	2.334	-1
2.326	1.803	1.517	-1
1.662	6.489	4.682	-1
7.715	3.180	6.744	-1
0.155	7.705	1.281	-1
7.739	3.092	4.012	-1
1.817	5.588	5.514	-1
1.592	5.612	6.581	-1
4.872	0.557	6.506	-1
3.856	3.635	6.136	-1
1.822	5.059	0.951	-1
7.837	6.883	0.524	-1
2.011	0.755	4.251	-1
6.675	6.737	5.415	-1
5.917	4.927	4.890	-1
0.770	4.602	7.866	-1
2.958	2.542	2.623	-1
6.667	6.789	2.551	-1
3.978	3.946	0.947	-1
5.943	0.544	4.757	-1
1.868	1.210	2.140	-1
7.883	2.197	3.840	-1
0.273	2.995	5.803	-1
4.543	7.476	6.067	-1
4.947	3.349	1.094	-1
6.843	0.674	6.176	-1
5.310	0.245	0.760	-1
6.900	5.132	3.119	-1
1.632	1.447	5.401	-1
7.165	7.390	2.299	-1
0.800	5.885	1.436	-1
6.161	0.684	7.846	-1
3.581	5.388	3.247	-1
7.431	7.554	3.680	-1
4.015	1.275	3.042	-1
4.302	5.897	3.437	-1
4.792	4.763	7.243	-1
7.282	0.748	2.226	-1
5.940	1.575	6.767	-1
1.386	5.581	6.096	-1
5.318	3.336	6.288	-1
7.763	4.358	0.439	-1
6.738	0.070	7.130	-1
5.475	7.954	6.548	-1
7.810	4.332	3.471	-1
0.418	1.876	3.389	-1
0.142	2.290	6.460	-1
1.551	0.148	6.318	-1
7.579	1.090	1.453	-1
2.642	1.405	3.811	-1
3.114	5.983	2.785	-1
6.070	0.666	1.784	-1
6.211	4.704	2.318	-1
5.297	7.652	5.246	-1
0.885	7.241	1.094	-1
3.006	4.639	3.753	-1
2.268	6.277	6.970	-1
1.381	1.971	2.855	-1
0.122	6.847	0.927	-1
6.317	3.377	2.343	-1
6.623	4.747	0.027	-1
6.198	3.913	6.931	-1
2.591	7.178	5.494	-1
4.667	7.691	6.065	-1
1.013	2.600	0.942	-1
6.857	3.922	7.042	-1
5.239	2.584	1.754	-1
6.405	1.169	5.074	-1
7.649	3.222	5.646	-1
6.723	4.775	5.350	-1
4.903	0.156	7.276	-1
0.103	7.086	2.871	-1
0.751	0.324	2.080	-1
6.487	7.672	3.732	-1
4.108	0.034	5.382	-1
7.313	1.694	7.491	-1
6.733	2.456	0.079	-1
0.479	2.860	6.167	-1
0.460	7.797	7.890	-1
2.002	6.285	6.564	-1
0.766	0.919	4.000	-1
4.323	3.497	4.164	-1
5.934	2.041	6.869	-1
2.527	6.246	1.355	-1
6.684	4.543	1.342	-1
2.934	1.583	7.785	-1
6.339	1.372	7.965	-1
4.349	1.277	0.887	-1
0.326	7.559	0.140	-1
3.822	3.958	1.493	-1
1.319	2.709	3.024	-1
7.198	3.330	2.944	-1
0.418	7.574	6.137	-1
2.594	4.564	6.580	-1
5.084	0.811	5.031	-1
4.840	3.345	7.861	-1
6.866	4.781	0.042	-1
7.359	7.824	0.717	-1
2.305	0.740	2.972	-1
7.394	4.285	1.279	-1
6.440	0.320	3.816	-1
6.469	1.563	6.147	-1
7.714	1.083	5.431	-1
1.868	3.391	2.285	-1
0.633	7.041	1.129	-1
5.503	1.593	2.503	-1
7.147	6.138	5.906	-1
7.307	3.829	3.809	-1
4.551	5.804	2.938	-1
3.818	2.697	5.961	-1
5.203	7.179	4.413	-1
6.122	5.031	7.888	-1
1.900	1.464	2.358	-1
6.442	6.729	1.174	-1
6.742	1.908	0.863	-1
5.491	2.001	7.548	-1
3.288	6.885	6.813	-1
3.777	5.576	3.093	-1
7.198	6.673	4.233	-1
7.822	7.956	6.999	-1
5.076	7.567	5.853	-1
2.726	1.160	7.258	-1
4.459	3.776	3.279	-1
7.776	2.629	2.109	-1
7.865	0.845	7.440	-1
0.335	1.400	6.637	-1
7.011	6.307	5.570	-1
4.617	7.571	3.308	-1
7.334	2.694	4.072	-1
0.047	3.369	2.275	-1
3.389	6.748	3.369	-1
2.868	3.763	4.297	-1
2.200	5.759	2.362	-1
2.604	7.690	4.417	-1
6.059	7.921	1.107	-1
1.273	1.438	0.101	-1
7.284	0.664	6.143	-1
3.373	4.659	2.287	-1
7.554	6.261	4.582	-1
2.230	3.774	1.537	-1
5.734	2.152	3.451	-1
6.935	6.036	0.034	-1
2.244	6.022	3.988	-1
7.427	1.644	1.729	-1
7.174	0.522	1.613	-1
4.176	3.661	6.662	-1
5.932	1.156	5.425	-1
7.301	6.147	6.797	-1
1.260	6.561	2.222	-1
5.940	7.228	7.396	-1
4.099	2.560	7.840	-1
2.831	6.614	3.372	-1
7.278	5.144	6.014	-1
1.858	2.185	6.117	-1
2.836	7.246	0.612	-1
3.489	7.585	0.049	-1
2.540	4.726	4.204	-1
6.634	2.493	1.947	-1
3.459	0.141	7.463	-1
1.139	0.888	1.872	-1
7.351	3.123	7.542	-1
1.531	6.642	1.978	-1
1.568	4.882	7.591	-1
4.174	1.945	4.547	-1
3.408	1.760	7.860	-1
5.968	3.137	6.201	-1
2.006	3.962	4.146	-1
0.474	0.429	0.697	-1
0.900	5.049	6.999	-1
7.803	2.257	5.735	-1
6.391	5.707	2.784	-1
0.244	3.230	3.114	-1
4.470	2.374	7.757	-1
1.781	4.121	4.381	-1
4.384	1.430	1.119	-1
6.970	6.930	4.511	-1
5.598	7.992	1.680	-1
1.809	1.476	7.873	-1
3.166	6.874	1.438	-1
4.664	2.485	5.833	-1
5.697	2.883	4.413	-1
1.813	1.341	6.848	-1
5.190	5.459	5.655	-1
1.642	5.637	3.323	-1
2.267	7.919	1.923	-1
1.447	4.356	0.192	-1
0.374	5.758	5.682	-1
0.186	5.943	6.073	-1
2.846	4.437	0.966	-1
1.513	5.040	7.418	-1
0.552	1.256	5.901	-1
1.474	4.390	0.232	-1
2.810	3.239	1.550	-1
0.678	7.358	7.586	-1
2.105	7.101	2.821	-1
0.776	0.321	5.409	-1
1.114	3.806	1.723	-1
4.604	2.422	1.135	-1
7.102	0.592	5.361	-1
5.763	5.869	7.467	-1
1.770	1.831	1.602	-1
8
